Condition: EO	SR percentage: 0.75	Threshold: 0.500000
0.000000	-0.002039
0.004354	0.011729
0.008637	0.238248
0.012376	-0.073975
0.017666	0.048597
0.022032	-0.174508
0.026551	0.122060
0.030603	0.203899
0.034882	0.126390
0.038902	0.082437
0.042721	-0.070107
0.046959	-0.013664
0.051938	0.361167
0.056272	0.294852
0.060322	-0.366053
0.064202	-0.211951
0.068075	-0.062430
0.072084	0.165311
0.076825	0.328322
0.079972	-0.152199
0.085084	-0.258561
0.089833	-0.017016
0.093935	-0.063325
0.097953	0.239358
0.102452	0.162763
0.106350	-0.075155
0.110484	0.327571
0.114796	0.142257
0.118618	0.149327
0.122644	-0.297984
0.126649	-0.243314
0.131031	-0.191276
0.136693	-0.061721
0.140434	0.059490
0.144513	0.343856
0.149642	-0.284623
0.153609	0.008493
0.157882	-0.006605
0.161130	0.288445
0.165322	0.240692
0.169619	0.096497
0.173890	-0.041586
0.177922	0.229720
0.181252	-0.066990
0.185932	0.021677
0.189935	-0.158673
0.193224	-0.216652
0.197272	0.295423
0.201856	-0.021280
0.205135	-0.249376
0.209420	0.214111
0.214241	0.302633
0.218252	-0.176807
0.223255	-0.026560
0.227580	-0.318570
0.231851	-0.131238
0.235831	-0.033725
0.239579	-0.340955
0.244733	-0.125187
0.249022	0.297278
0.253036	0.042847
0.257373	0.189270
0.262693	-0.039756
0.266031	-0.312844
0.270087	0.269236
0.274066	0.188426
0.278398	0.167325
0.282706	-0.298845
0.286989	0.300468
0.292006	0.007013
0.297226	0.078833
0.301249	0.092090
0.305846	0.184086
0.309925	-0.072721
0.312969	-0.290694
0.317226	-0.337968
0.321220	-0.322196
0.325367	0.052924
0.329119	-0.332473
0.333410	-0.336334
0.337150	-0.039152
0.341223	0.262726
0.345274	0.031432
0.349562	-0.243148
0.353574	-0.295870
0.357368	0.314141
0.361382	-0.006682
0.365656	-0.102193
0.370669	-0.317526
0.374493	0.336203
0.378384	0.259935
0.382386	-0.040769
0.386647	0.252298
0.389954	-0.257320
0.395000	0.032939
0.398980	0.289150
0.403796	0.042010
0.407867	-0.146386
0.411878	0.177072
0.415164	0.033477
0.419449	0.319891
0.424197	0.050090
0.428185	0.340762
0.432745	-0.117267
0.436495	-0.108683
0.441112	0.110705
0.445695	-0.050421
0.448981	0.152139
0.452987	-0.085045
0.457058	0.262729
0.461057	0.223547
0.465310	0.110409
0.470378	-0.064409
0.475662	-0.085120
0.479696	-0.340024
0.483359	-0.061889
0.487092	-0.215637
0.492421	0.063789
0.496032	0.047921
0.500846	0.260062
0.504136	0.328010
0.509165	-0.329863
0.513469	0.159274
0.517685	-0.256226
0.521687	0.108888
0.526585	-0.142108
0.530457	-0.063463
0.535016	-0.083279
0.539802	-0.079954
0.543800	-0.123582
0.547912	-0.097330
0.552880	-0.272905
0.556916	-0.312886
0.560168	-0.186494
0.564228	0.206044
0.568286	0.153501
0.573318	-0.014025
0.578333	0.072501
0.582681	-0.279556
0.585966	-0.120754
0.589984	-0.360539
0.593974	0.258009
0.599257	0.202786
0.603689	-0.256912
0.607942	0.017178
0.611686	-0.311917
0.615763	-0.317755
0.619463	-0.189171
0.623701	0.029955
0.627450	-0.230993
0.632689	-0.150285
0.636269	-0.006597
0.640280	0.236681
0.645714	-0.339580
0.649476	0.262358
0.655046	-0.233808
0.659047	0.269415
0.664067	0.059519
0.669464	0.112697
0.673458	0.189244
0.677517	0.057870
0.682069	-0.328807
0.686646	0.373785
0.690394	0.114723
0.694401	0.302048
0.698447	0.086613
0.703041	0.320085
0.708052	-0.042497
0.712074	0.075166
0.716710	0.060445
0.721457	-0.192587
0.725745	0.119518
0.729740	-0.198827
0.734193	-0.211310
0.738356	-0.086905
0.743414	0.216098
0.748466	0.076380
0.752758	-0.264959
0.755994	-0.349922
0.760039	0.193235
0.764109	-0.092493
0.768079	0.091138
0.773093	-0.185248
0.778105	-0.057409
0.782766	-0.150131
0.786102	0.268777
0.790340	-0.145324
0.794629	-0.365253
0.798933	0.223627
0.802964	0.317257
0.807248	-0.331465
0.811289	-0.336835
0.816569	0.068580
0.821330	0.091325
0.826498	-0.082032
0.830605	0.312563
0.834997	0.374350
0.840079	-0.121421
0.845220	0.194443
0.850336	0.284267
0.854640	0.220132
0.858427	0.285688
0.862647	0.159912
0.867665	0.250093
0.872706	0.111051
0.876669	-0.226707
0.881761	0.270898
0.886074	0.313219
0.891108	0.219017
0.896092	-0.050850
0.900158	0.111767
0.905837	-0.323716
0.909599	-0.337045
0.909151	-0.233949
0.913156	0.174315
0.917166	0.295339
0.922145	-0.105161
0.926155	0.266153
0.930202	-0.073296
0.934216	0.342523
0.938221	0.046358
0.942232	0.308469
0.946249	-0.370694
0.951256	-0.134119
0.955266	-0.121671
0.959277	0.362315
0.963288	-0.200166
0.967298	-0.199981
0.971309	0.274921
0.975327	0.033846
0.980339	-0.292113
0.984351	-0.033635
0.988361	-0.241578
0.992371	0.200370
0.996343	-0.346929
1.000352	0.094665
1.005400	-0.022058
1.010413	0.277956
1.013532	0.115266
1.017544	-0.209705
1.022557	-0.243658
1.026569	-0.149451
1.031584	0.171666
1.036600	0.078526
1.040606	0.306210
1.044616	-0.287718
1.048593	-0.021906
1.052636	0.063365
1.056648	0.244381
1.060630	0.293459
1.064637	-0.120701
1.068646	0.068276
1.072670	0.233777
1.076701	0.151498
1.081714	-0.259253
1.085725	0.334960
1.089736	-0.171986
1.093740	0.147522
1.097725	0.049760
1.102008	-0.183432
1.106988	-0.129963
1.111038	-0.060859
1.115047	-0.044943
1.119052	-0.069503
1.123030	-0.040555
1.127078	0.356157
1.132094	0.263770
1.137067	-0.243707
1.141116	0.339681
1.145123	0.366971
1.149132	-0.022841
1.153144	-0.351811
1.157155	-0.286823
1.162133	0.334958
1.167187	-0.269202
1.172479	0.298226
1.176490	0.118101
1.179500	0.161444
1.183510	-0.055562
1.187525	-0.217360
1.191532	0.058146
1.195542	-0.316150
1.199516	-0.214434
1.203557	-0.243423
1.207576	0.034405
1.211580	-0.100837
1.215598	-0.313508
1.219611	-0.370503
1.223617	0.350369
1.227627	0.014921
1.231639	-0.342563
1.235649	-0.304736
1.239660	-0.065950
1.243670	0.099291
1.247646	-0.232998
1.251692	-0.265202
1.255709	0.336370
1.259677	-0.031564
1.264729	-0.345344
1.268735	-0.141228
1.273750	-0.121555
1.277760	0.150290
1.281772	-0.332608
1.285781	0.203449
1.289793	-0.027061
1.293808	0.227383
1.297814	-0.262048
1.302830	0.336998
1.307804	-0.362482
1.311852	0.161174
1.316863	0.344252
1.320879	0.004546
1.324902	0.258188
1.328894	-0.349111
1.333907	0.079176
1.337921	0.116592
1.341930	0.206881
1.345949	0.051705
1.349917	0.037399
1.354932	-0.085253
1.358974	-0.229054
1.362954	-0.266215
1.368001	-0.311139
1.372012	0.094657
1.376023	0.109570
1.381034	-0.309424
1.386049	0.280576
1.390057	-0.352938
1.394071	0.269465
1.399081	-0.164001
1.403097	-0.005374
1.407104	-0.124578
1.412084	-0.113503
1.416130	-0.143246
1.420103	-0.048779
1.424155	-0.216411
1.428126	-0.269825
1.432172	0.319740
1.436175	-0.287073
1.440193	-0.131239
1.444204	0.137480
1.448214	0.053428
1.453192	0.111845
1.458241	-0.046856
1.462307	-0.151412
1.466354	-0.254472
1.470333	0.372925
1.474341	-0.278524
1.479390	-0.034711
1.484401	-0.076486
1.488412	-0.176880
1.493427	-0.346669
1.497403	-0.006706
1.501413	-0.215801
1.505458	0.374433
1.509470	0.224601
1.514481	-0.103660
1.519496	0.259223
1.523489	-0.024933
1.526513	0.274363
1.531493	0.030795
1.534534	-0.161649
1.538548	-0.067175
1.542556	0.187089
1.546538	0.047360
1.550578	-0.196993
1.554554	0.003785
1.558599	-0.193953
1.562609	-0.265147
1.566620	-0.346433
1.570623	0.254870
1.575639	-0.342502
1.579621	0.120466
1.583667	0.058765
1.587672	0.107660
1.592674	-0.178418
1.597708	-0.242586
1.601938	0.237792
1.605945	-0.201647
1.610959	-0.271765
1.614969	-0.082151
1.618935	-0.028639
1.623036	0.372380
1.627043	-0.054248
1.631055	-0.121977
1.635069	0.027037
1.639074	0.217130
1.643085	0.165633
1.648100	0.108765
1.652067	0.248755
1.656078	-0.303085
1.660305	0.275183
1.664317	-0.102126
1.668328	0.281039
1.673341	0.318921
1.678354	-0.059200
1.682366	-0.103025
1.687352	-0.006675
1.690512	0.302770
1.694522	-0.080599
1.698533	-0.310562
1.702544	0.009835
1.706559	0.096130
1.710565	0.017607
1.714577	0.153452
1.718626	-0.056444
1.722597	-0.127183
1.726608	0.228430
1.730661	0.301010
1.734671	-0.141655
1.738681	0.274300
1.742691	-0.293545
1.747705	-0.283951
1.752677	0.354167
1.756688	0.369554
1.760698	-0.107592
1.764709	-0.294697
1.768720	0.335412
1.773733	0.018700
1.777744	0.073262
1.782798	0.046803
1.786808	-0.072124
1.790819	-0.189025
1.794790	-0.327638
1.798841	-0.369827
1.802811	-0.052444
1.806862	-0.287131
1.811876	-0.102945
1.816848	0.210612
1.820859	-0.065247
1.824869	0.360514
1.828880	0.076957
1.833894	0.052722
1.838004	0.055866
1.842021	0.087478
1.846031	0.049819
1.851039	0.232221
1.855049	0.260782
1.859059	0.209047
1.864080	-0.064203
1.869086	-0.216487
1.873096	-0.361964
1.877107	-0.337826
1.881120	-0.064747
1.885129	-0.339879
1.889139	0.144456
1.893152	-0.059924
1.897161	-0.144320
1.901173	0.330703
1.905183	-0.119147
1.909194	0.249493
1.914206	-0.328255
1.918223	-0.160924
1.922234	0.195256
1.926244	0.174995
1.930256	-0.109028
1.934266	0.059597
1.938451	-0.089553
1.941500	0.105049
1.946515	-0.178780
1.950518	-0.248107
1.954529	0.122099
1.958539	0.003755
1.963558	-0.291520
1.967562	0.359894
1.971574	-0.130982
1.975584	0.036793
1.980593	-0.018285
1.984608	0.063381
1.988647	-0.081709
1.992629	-0.046785
1.996644	0.239383
2.001205	-0.280298
2.005216	-0.133103
2.009233	0.358029
2.013245	0.324547
2.017254	-0.076167
2.021266	0.195016
2.025276	0.245174
2.028567	-0.087068
2.032569	-0.100075
2.036580	-0.214002
2.040591	0.232712
2.045571	0.180644
2.049621	0.144953
2.053626	0.184278
2.057603	0.095841
2.061647	-0.012694
2.065658	0.340768
2.069667	-0.156053
2.073679	0.260341
2.077690	-0.179491
2.082703	-0.328143
2.087715	0.044131
2.091726	-0.222229
2.095747	-0.344684
2.099747	0.174805
2.103758	-0.047046
2.107774	0.141750
2.111779	-0.188282
2.115791	0.144150
2.119807	0.217801
2.124818	-0.328851
2.129828	0.057032
2.133839	-0.198730
2.137849	0.032543
2.141860	0.369234
2.145910	-0.070274
2.149881	-0.046774
2.153892	0.175613
2.157868	-0.008717
2.161913	0.267423
2.165924	0.127905
2.169935	-0.152361
2.174949	0.243137
2.178965	0.158794
2.182969	0.188149
2.186974	0.181687
2.190984	0.309227
2.195001	0.218761
2.199013	-0.148315
2.203197	0.174335
2.208206	0.033283
2.213221	0.130144
2.217243	0.315524
2.221237	0.118222
2.226254	-0.018145
2.230267	0.139973
2.234234	0.019237
2.238285	0.283443
2.242297	0.047039
2.246305	0.307890
2.250317	-0.144439
2.255333	0.264129
2.259343	-0.339532
2.263351	0.109733
2.267364	0.080904
2.271373	0.166779
2.275385	-0.107891
2.279395	0.282653
2.284411	0.238892
2.288418	0.349271
2.292430	-0.283947
2.296442	-0.073858
2.301455	0.277928
2.305465	-0.129478
2.309476	0.358387
2.314483	-0.324531
2.318499	-0.092781
2.321507	0.037715
2.325518	-0.224484
2.329548	0.138058
2.333541	0.144598
2.337553	-0.062906
2.341562	0.159119
2.345530	-0.014540
2.350584	0.170841
2.355603	0.197087
2.359609	0.144402
2.364622	-0.320050
2.368637	0.170884
2.372643	-0.255093
2.376656	-0.130168
2.380664	0.122420
2.384674	-0.303540
2.388679	0.007797
2.393887	0.034663
2.397897	0.115097
2.401909	-0.268538
2.405875	-0.133239
2.410889	-0.018835
2.414933	0.325793
2.418944	-0.201293
2.422954	-0.038923
2.426958	-0.182460
2.430971	-0.303631
2.435956	0.074777
2.440995	0.085113
2.445006	0.105576
2.449017	-0.298725
2.453027	0.361878
2.457041	-0.211643
2.461058	-0.288076
2.465063	0.323028
2.470075	-0.298513
2.474086	0.308598
2.478116	0.014665
2.482085	-0.171264
2.486118	0.298275
2.491132	-0.367327
2.495151	-0.043526
2.499124	0.273607
2.503180	-0.260302
2.507174	0.218556
2.512159	0.282567
2.516201	0.115991
2.520209	-0.187756
2.524220	0.238499
2.529230	-0.297352
2.534220	0.279420
2.538228	0.285332
2.542239	0.199908
2.546250	0.153366
2.550260	-0.105734
2.554271	-0.294747
2.558282	-0.183416
2.562328	0.299089
2.566340	-0.098522
2.570351	0.211772
2.574359	-0.304651
2.578403	0.049651
2.582382	-0.144237
2.586355	0.279226
2.590405	0.133506
2.594415	0.222824
2.598423	-0.048413
2.603434	-0.271948
2.608447	0.159682
2.612461	0.302630
2.617475	0.121294
2.622497	0.021357
2.626501	-0.280691
2.630507	-0.033128
2.634522	-0.325600
2.638505	-0.319122
2.643541	0.109164
2.647546	0.053871
2.651563	0.156446
2.656575	0.341315
2.661556	0.356185
2.665600	-0.364910
2.669612	0.198441
2.673629	0.121046
2.677639	-0.270027
2.682647	0.087626
2.686622	0.209849
2.690634	-0.167888
2.694686	-0.174553
2.699690	-0.221993
2.704728	-0.179266
2.708717	0.189787
2.712691	0.038365
2.716746	0.104326
2.720926	0.288252
2.725143	-0.190318
2.729155	-0.045021
2.733161	0.256245
2.737132	0.021728
2.741142	0.259509
2.745153	0.194335
2.749164	0.279016
2.753174	0.234746
2.757185	0.058049
2.761196	0.206267
2.765206	-0.074710
2.769366	0.232156
2.774380	-0.066147
2.779393	0.056718
2.783402	0.072551
2.787414	-0.297415
2.791425	0.002337
2.795409	0.296927
2.799447	-0.164397
2.803417	0.070191
2.807469	0.154790
2.812483	-0.246355
2.817494	-0.009055
2.820502	0.245205
2.824512	-0.152826
2.830529	0.347166
2.835535	-0.170314
2.839546	-0.352502
2.843557	0.033338
2.847568	-0.173837
2.852547	-0.182522
2.856597	-0.213783
2.861572	-0.264240
2.865623	0.117437
2.869633	-0.265735
2.874647	0.308614
2.878657	0.298782
2.882628	-0.323298
2.886678	-0.275248
2.890688	-0.320303
2.894662	-0.299079
2.898712	0.075381
2.902741	-0.003193
2.906691	0.087546
2.910748	0.258026
2.914753	-0.347988
2.918763	0.172750
2.922773	0.117425
2.926785	0.094666
2.930797	0.307954
2.934805	-0.240416
2.938817	0.340889
2.942824	-0.092480
2.946834	0.220726
2.950845	0.122639
2.954821	-0.167049
2.958871	-0.179405
2.963884	-0.341825
2.967895	-0.304379
2.971905	-0.263798
2.975917	-0.123758
2.980893	-0.249148
2.984940	0.011022
2.988950	-0.230092
2.992958	0.144280
2.996972	-0.356395
3.000942	0.132806
3.004993	0.138092
3.009290	-0.291084
3.013301	0.135765
3.017311	0.198217
3.021322	-0.192327
3.025333	-0.254096
3.029343	-0.016351
3.033354	0.064835
3.037365	0.098117
3.041469	-0.240797
3.045443	-0.339935
3.049489	-0.323171
3.053500	-0.314333
3.057510	0.025845
3.061527	-0.068227
3.065530	-0.222316
3.069541	-0.163699
3.073553	-0.001139
3.078526	-0.086031
3.083579	0.130010
3.087585	0.191844
3.091596	-0.014823
3.095605	-0.187227
3.099617	-0.368285
3.103626	0.155902
3.107637	-0.000445
3.111648	0.218474
3.116662	0.346793
3.121675	0.026468
3.125686	0.336403
3.130699	-0.089882
3.134710	-0.334904
3.138721	-0.335450
3.143741	0.212527
3.147750	-0.271360
3.151754	0.224222
3.155765	0.276515
3.159778	0.156561
3.163787	0.272298
3.167804	0.138982
3.172778	0.207811
3.176822	-0.117707
3.180798	0.090996
3.184808	0.107842
3.188854	-0.019955
3.192865	0.054487
3.196882	0.061679
3.200891	-0.239889
3.204903	0.043366
3.208907	-0.324220
3.212920	-0.018137
3.216897	-0.086697
3.220939	-0.173252
3.224949	-0.305285
3.229963	-0.069061
3.234981	0.244342
3.238986	0.363928
3.242964	0.164077
3.247010	-0.174693
3.251019	-0.309718
3.255998	-0.046354
3.260008	0.185896
3.264059	-0.362130
3.269071	0.330516
3.273084	0.051357
3.278057	0.277719
3.282108	-0.255695
3.286120	-0.163990
3.290131	-0.347193
3.295142	0.337702
3.299150	0.102784
3.303160	0.214655
3.308179	0.011045
3.312147	0.284508
3.316158	-0.086753
3.320169	0.261131
3.324181	-0.137534
3.328190	0.141921
3.332201	-0.066302
3.336253	-0.111163
3.341267	-0.330009
3.345237	-0.333549
3.349402	-0.186766
3.353413	-0.250667
3.357422	-0.292645
3.362436	-0.056947
3.367417	-0.255984
3.371461	0.314896
3.375472	0.307533
3.379482	-0.115951
3.384496	0.061867
3.387503	-0.272998
3.391514	0.253582
3.396494	-0.164871
3.399541	0.157621
3.403546	0.128405
3.407524	0.189191
3.411534	-0.288200
3.415578	-0.007049
3.419556	0.313854
3.423601	-0.206550
3.427682	0.147657
3.431693	-0.003339
3.435672	-0.356119
3.439721	0.136738
3.444727	-0.066648
3.448738	0.246807
3.452748	0.094072
3.456747	-0.187182
3.460770	-0.069072
3.464781	-0.283372
3.469794	-0.344199
3.473806	0.089381
3.477816	-0.337737
3.482835	0.273535
3.487843	0.067990
3.491936	-0.286546
3.495946	-0.013347
3.500970	0.174654
3.505937	-0.197681
3.509948	0.119845
3.513958	-0.108562
3.517969	0.048015
3.521980	-0.184127
3.525990	0.277467
3.530001	0.013068
3.534012	0.299911
3.538057	0.024020
3.542289	-0.290232
3.547305	0.103866
3.551314	-0.016115
3.555324	0.166951
3.559359	0.158782
3.563353	0.189270
3.567357	0.326839
3.572372	-0.021571
3.576387	-0.218561
3.580398	0.339558
3.584408	-0.286249
3.589420	-0.363227
3.594429	-0.344920
3.598446	0.093239
3.602450	0.235673
3.607463	0.024210
3.611441	-0.294755
3.615489	-0.074954
3.619495	0.274640
3.623500	0.288439
3.627516	-0.031231
3.631527	-0.224109
3.636508	0.170786
3.640559	0.262391
3.644562	-0.082531
3.648572	-0.020882
3.652586	0.165246
3.656594	0.305062
3.660582	0.291619
3.664582	0.180896
3.668625	-0.153577
3.672637	0.338355
3.677650	0.088812
3.681762	0.258214
3.685729	-0.036190
3.689773	-0.275678
3.694788	0.040875
3.698798	-0.237602
3.702809	0.144039
3.706813	0.097479
3.710831	0.203338
3.714842	0.100194
3.718816	0.180359
3.722862	-0.095448
3.726838	0.214208
3.730884	0.219196
3.735863	-0.052807
3.739906	0.349171
3.744921	0.319012
3.749899	-0.128816
3.753943	-0.367495
3.757955	0.353485
3.762935	-0.364430
3.766980	-0.168598
3.770959	-0.254481
3.776026	0.242428
3.780021	0.309762
3.784032	-0.248137
3.789045	0.316398
3.793015	-0.017500
3.797067	-0.053338
3.801036	-0.068377
3.806091	-0.299732
3.810061	-0.203991
3.814113	-0.268852
3.818122	0.036050
3.822134	0.161451
3.826145	0.322753
3.830150	0.160870
3.834165	0.198854
3.838134	-0.341616
3.842180	0.077683
3.847193	-0.104722
3.851203	0.196669
3.856215	0.203526
3.861230	-0.215686
3.865240	-0.349251
3.869252	0.138874
3.873261	0.198890
3.877281	0.061627
3.881282	0.216239
3.885294	-0.165855
3.889303	0.055607
3.894319	-0.303017
3.898328	-0.323330
3.903342	-0.353663
3.908355	0.211067
3.912366	0.062663
3.916380	-0.023777
3.920389	0.053647
3.924399	0.047033
3.929410	-0.096383
3.933423	-0.030058
3.937431	0.159930
3.941444	-0.269906
3.945455	-0.238507
3.949465	0.264584
3.953474	-0.287316
3.957479	0.213330
3.961496	0.264411
3.964511	0.332456
3.968521	0.022381
3.972532	0.043695
3.976503	-0.061124
3.980553	0.313553
3.984564	-0.330149
3.988535	-0.335005
3.992589	-0.022859
3.996556	-0.180610
4.001603	0.004661
4.005579	0.047477
4.010619	-0.176595
4.014630	-0.156135
4.018649	-0.264853
4.022659	0.330840
4.026637	-0.026969
4.030680	-0.276455
4.034691	0.329242
4.038702	-0.195224
4.042717	-0.020449
4.046722	-0.025924
4.051737	0.015116
4.055748	0.202594
4.059729	0.167861
4.063770	0.098571
4.067780	0.290884
4.071791	0.319310
4.076810	0.336655
4.080821	-0.031050
4.084831	-0.244449
4.089805	-0.224215
4.094819	-0.090499
