Condition: EC	SR percentage: 0.50	Threshold: 0.030000
0.000000	-0.000082
0.004166	0.000469
0.008178	0.009530
0.012080	-0.002959
0.016200	0.001944
0.020208	-0.006980
0.024221	0.004882
0.027951	0.008156
0.031962	0.005056
0.036162	0.003297
0.040568	-0.002804
0.043778	-0.000547
0.048162	0.014447
0.052056	0.011794
0.056272	-0.014642
0.060637	-0.008478
0.063793	-0.002497
0.067970	0.006612
0.071970	0.013133
0.075981	-0.006088
0.080990	-0.010342
0.085153	-0.000681
0.089808	-0.002533
0.094658	0.009574
0.097889	0.006511
0.103117	-0.003006
0.106978	0.013103
0.111494	0.005690
0.115719	0.005973
0.119740	-0.011919
0.123772	-0.009733
0.127901	-0.007651
0.131911	-0.002469
0.135922	0.002380
0.140079	0.013754
0.144294	-0.011385
0.148162	0.000340
0.153388	-0.000264
0.157636	0.011538
0.161002	0.009628
0.165329	0.003860
0.169620	-0.001663
0.173835	0.009189
0.177846	-0.002680
0.182507	0.000867
0.186735	-0.006347
0.190960	-0.008666
0.195030	0.011817
0.199197	-0.000851
0.203202	-0.009975
0.207474	0.008564
0.211618	0.012105
0.215641	-0.007072
0.219810	-0.001062
0.223813	-0.012743
0.227826	-0.005250
0.231834	-0.001349
0.235765	-0.013638
0.240779	-0.005007
0.244935	0.011891
0.249874	0.001714
0.254329	0.007571
0.258675	-0.001590
0.262939	-0.012514
0.268105	0.010769
0.272259	0.007537
0.276270	0.006693
0.280281	-0.011954
0.285157	0.012019
0.289494	0.000281
0.293838	0.003153
0.297756	0.003684
0.302167	0.007363
0.306260	-0.002909
0.310548	-0.011628
0.314673	-0.013519
0.318719	-0.012888
0.322700	0.002117
0.327698	-0.013299
0.331711	-0.013453
0.335723	-0.001566
0.339799	0.010509
0.344158	0.001257
0.348031	-0.009726
0.352260	-0.011835
0.356038	0.012566
0.360048	-0.000267
0.364154	-0.004088
0.369339	-0.012701
0.374489	0.013448
0.378500	0.010397
0.382508	-0.001631
0.386520	0.010092
0.390614	-0.010293
0.393749	0.001318
0.397760	0.011566
0.402068	0.001680
0.405811	-0.005855
0.409956	0.007083
0.414090	0.001339
0.419319	0.012796
0.423324	0.002004
0.428337	0.013630
0.432345	-0.004691
0.436356	-0.004347
0.440366	0.004428
0.445506	-0.002017
0.449340	0.006086
0.454391	-0.003402
0.458488	0.010509
0.462217	0.008942
0.466055	0.004416
0.471079	-0.002576
0.475400	-0.003405
0.480418	-0.013601
0.484275	-0.002476
0.488440	-0.008625
0.492391	0.002552
0.496553	0.001917
0.501557	0.010402
0.505122	0.013120
0.510348	-0.013195
0.514352	0.006371
0.518222	-0.010249
0.522374	0.004356
0.525902	-0.005684
0.529946	-0.002539
0.533953	-0.003331
0.539213	-0.003198
0.543303	-0.004943
0.548471	-0.003893
0.552474	-0.010916
0.556202	-0.012515
0.560130	-0.007460
0.564499	0.008242
0.568459	0.006140
0.572598	-0.000561
0.576633	0.002900
0.581509	-0.011182
0.585684	-0.004830
0.589660	-0.014422
0.592990	0.010320
0.597002	0.008111
0.602489	-0.010276
0.605898	0.000687
0.610179	-0.012477
0.614606	-0.012710
0.618655	-0.007567
0.622668	0.001198
0.626040	-0.009240
0.630265	-0.006011
0.634126	-0.000264
0.638279	0.009467
0.642278	-0.013583
0.646395	0.010494
0.650617	-0.009352
0.653826	0.010777
0.658204	0.002381
0.661929	0.004508
0.666376	0.007570
0.671304	0.002315
0.676471	-0.013152
0.680477	0.014951
0.685491	0.004589
0.689354	0.012082
0.694493	0.003465
0.698486	0.012803
0.702510	-0.001700
0.705997	0.003007
0.710217	0.002418
0.714219	-0.007703
0.718088	0.004781
0.722178	-0.007953
0.726477	-0.008452
0.730554	-0.003476
0.735704	0.008644
0.739779	0.003055
0.744676	-0.010598
0.748748	-0.013997
0.752840	0.007729
0.757132	-0.003700
0.762426	0.003646
0.766450	-0.007410
0.770504	-0.002296
0.774647	-0.006005
0.778682	0.010751
0.782365	-0.005813
0.786422	-0.014610
0.790303	0.008945
0.794470	0.012690
0.798336	-0.013259
0.802440	-0.013473
0.806037	0.002743
0.810400	0.003653
0.814413	-0.003281
0.818571	0.012503
0.822114	0.014974
0.825976	-0.004857
0.830455	0.007778
0.834381	0.011371
0.839542	0.008805
0.843546	0.011428
0.847558	0.006396
0.851840	0.010004
0.855990	0.004442
0.860558	-0.009068
0.864657	0.010836
0.868167	0.012529
0.872438	0.008761
0.876317	-0.002034
0.880459	0.004471
0.884329	-0.012949
0.888546	-0.013482
0.892707	-0.009358
0.896784	0.006973
0.901794	0.011814
0.906810	-0.004206
0.910824	0.010646
0.914978	-0.002932
0.919991	0.013701
0.924194	0.001854
0.928728	0.012339
0.932945	-0.014828
0.937173	-0.005365
0.942187	-0.004867
0.946258	0.014493
0.949888	-0.008007
0.953894	-0.007999
0.958127	0.010997
0.962186	0.001354
0.966206	-0.011685
0.970396	-0.001345
0.974546	-0.009663
0.978621	0.008015
0.981789	-0.013877
0.986311	0.003787
0.991322	-0.000882
0.996207	0.011118
1.001378	0.004611
1.005109	-0.008388
1.009259	-0.009746
1.013265	-0.005978
1.018301	0.006867
1.022298	0.003141
1.025990	0.012248
1.030177	-0.011509
1.034293	-0.000876
1.038448	0.002535
1.042290	0.009775
1.046300	0.011738
1.051387	-0.004828
1.055392	0.002731
1.059399	0.009351
1.063475	0.006060
1.067502	-0.010370
1.072726	0.013398
1.078037	-0.006879
1.082047	0.005901
1.086058	0.001990
1.090931	-0.007337
1.095142	-0.005199
1.099612	-0.002434
1.103632	-0.001798
1.106782	-0.002780
1.112127	-0.001622
1.116292	0.014246
1.120399	0.010551
1.124393	-0.009748
1.129415	0.013587
1.134269	0.014679
1.138460	-0.000914
1.142471	-0.014072
1.146482	-0.011473
1.150346	0.013398
1.154570	-0.010768
1.157726	0.011929
1.162022	0.004724
1.166212	0.006458
1.171344	-0.002222
1.174701	-0.008694
1.179258	0.002326
1.184130	-0.012646
1.188282	-0.008577
1.192292	-0.009737
1.196535	0.001376
1.200655	-0.004033
1.203796	-0.012540
1.207808	-0.014820
1.212067	0.014015
1.215894	0.000597
1.224298	-0.319725
1.227576	-0.284421
1.231484	-0.061553
1.236481	0.092671
1.240745	-0.217465
1.245189	-0.247522
1.249413	0.313945
1.254490	-0.029460
1.260169	-0.322322
1.265458	-0.131813
1.269746	-0.113451
1.273705	0.140271
1.278107	-0.310434
1.283272	0.189886
1.287135	-0.025257
1.290719	0.212224
1.294879	-0.244578
1.298889	0.314531
1.303241	-0.338317
1.306326	0.150429
1.310742	0.321302
1.314682	0.004243
1.319030	0.240975
1.323065	-0.325837
1.327195	0.073897
1.331444	0.108819
1.336437	0.193089
1.341936	0.048258
1.346094	0.034906
1.350100	-0.079569
1.354109	-0.213784
1.358334	-0.248468
1.362558	-0.290397
1.366788	0.088346
1.370814	0.102265
1.375254	-0.288796
1.379331	0.261871
1.383830	-0.329409
1.387898	0.251501
1.392204	-0.153067
1.396288	-0.005015
1.399446	-0.116273
1.403607	-0.105936
1.408900	-0.133696
1.412903	-0.045527
1.416691	-0.201983
1.421103	-0.251836
1.424940	0.298424
1.429092	-0.267935
1.433093	-0.122490
1.438038	0.128314
1.442203	0.049866
1.446286	0.104388
1.449431	-0.043732
1.453755	-0.141318
1.457896	-0.237507
1.461735	0.348063
1.466962	-0.259956
1.471122	-0.032397
1.475123	-0.071387
1.479341	-0.165088
1.483350	-0.323558
1.487360	-0.006259
1.491587	-0.201414
1.495457	0.349471
1.501277	0.209628
1.504603	-0.096749
1.509236	0.241941
1.514304	-0.023271
1.518368	0.256072
1.522593	0.028742
1.526817	-0.150873
1.530724	-0.062696
1.535097	0.174616
1.539108	0.044202
1.543332	-0.183861
1.547682	0.003532
1.551693	-0.181023
1.556714	-0.247470
1.561570	-0.323337
1.568104	0.169913
1.572112	-0.228335
1.576122	0.080311
1.580139	0.039177
1.584144	0.071773
1.588119	-0.118945
1.592163	-0.161724
1.597176	0.158528
1.601189	-0.134431
1.606203	-0.181177
1.611180	-0.054768
1.615228	-0.019092
1.619201	0.248253
1.623211	-0.036166
1.627237	-0.081318
1.631233	0.018025
1.635281	0.144753
1.639288	0.110422
1.643299	0.072510
1.647302	0.165837
1.651326	-0.202057
1.656334	0.183456
1.660345	-0.068084
1.664358	0.187359
1.668368	0.212614
1.672378	-0.039467
1.677401	-0.068683
1.681403	-0.004450
1.686418	0.201847
1.691428	-0.053733
1.696408	-0.207041
1.700456	0.006557
1.704466	0.064087
1.708475	0.011738
1.713453	0.102302
1.717492	-0.037629
1.721507	-0.084789
1.726520	0.152286
1.730498	0.200674
1.734551	-0.094437
1.738554	0.182867
1.743544	-0.195696
1.748545	-0.189301
1.752594	0.236111
1.756600	0.246369
1.760612	-0.071728
1.764624	-0.196465
1.769638	0.223608
1.774615	0.012467
1.779669	0.048841
1.783674	0.031202
1.787684	-0.048082
1.791659	-0.126017
1.795671	-0.218425
1.799681	-0.246552
1.803692	-0.034962
1.807702	-0.191420
1.811713	-0.068630
1.815723	0.140408
1.820737	-0.043498
1.825750	0.240343
1.829761	0.051305
1.833805	0.035148
1.837816	0.037244
1.841114	0.058318
1.845476	0.033213
1.849708	0.154814
1.853461	0.173855
1.857736	0.139364
1.861478	-0.042802
1.865792	-0.144325
1.870023	-0.241309
1.875143	-0.225217
1.880241	-0.043165
1.884776	-0.226586
1.889704	0.096304
1.894267	-0.039949
1.898292	-0.096214
1.903002	0.220468
1.906983	-0.079432
1.911764	0.166328
1.916331	-0.218837
1.920344	-0.107282
1.924370	0.130171
1.928090	0.116663
1.932374	-0.072685
1.936143	0.039732
1.941130	-0.059702
1.946139	0.070033
1.950418	-0.119187
1.954769	-0.165404
1.959524	0.081399
1.963661	0.002504
1.967783	-0.194346
1.971402	0.239930
1.975679	-0.087321
1.979476	0.024528
1.984047	-0.012190
1.987112	0.042254
1.992348	-0.054472
1.997120	-0.031190
2.001417	0.159588
2.005980	-0.186865
2.009996	-0.088735
2.013763	0.238686
2.017263	0.216365
2.022545	-0.050778
2.026561	0.130011
2.030384	0.163449
2.034638	-0.058046
2.038928	-0.066716
2.042933	-0.142668
2.046893	0.155141
2.050247	0.120430
2.054590	0.096636
2.058360	0.122852
2.062372	0.063894
2.067384	-0.008463
2.071363	0.227178
2.075376	-0.104035
2.079420	0.173561
2.083419	-0.119661
2.087420	-0.218762
2.091210	0.029421
2.095213	-0.148153
2.100284	-0.229789
2.104855	0.116537
2.109628	-0.031364
2.115012	0.094500
2.118513	-0.125521
2.122525	0.096100
2.126503	0.145201
2.130740	-0.219234
2.135830	0.038021
2.140843	-0.132487
2.144594	0.021695
2.149925	0.246156
2.153530	-0.046850
2.157471	-0.031183
2.162280	0.117076
2.167293	-0.005811
2.172594	0.178282
2.176903	0.085270
2.182240	-0.101574
2.186965	0.162091
2.190704	0.105863
2.194714	0.125433
2.200002	0.121125
2.205019	0.206151
2.209024	0.145841
2.212256	-0.098876
2.216529	0.116223
2.221732	0.022188
2.225749	0.086763
2.229840	0.210349
2.233870	0.078814
2.237134	-0.012097
2.242152	0.093315
2.248164	0.012824
2.252502	0.188962
2.257465	0.031359
2.261273	0.205260
2.265507	-0.096293
2.270521	0.176086
2.274988	-0.226355
2.280260	0.073156
2.284554	0.053936
2.288835	0.111186
2.292603	-0.071927
2.296679	0.188435
2.300836	0.159262
2.304189	0.232847
2.308147	-0.189298
2.312237	-0.049239
2.316415	0.185285
2.321433	-0.086319
2.325437	0.238925
2.329512	-0.216354
2.333645	-0.061854
2.337391	0.025143
2.341721	-0.149656
2.345453	0.092039
2.350827	0.096399
2.354117	-0.041937
2.359469	0.106079
2.363752	-0.009693
2.368498	0.113894
2.372545	0.131391
2.376778	0.096268
2.381807	-0.213367
2.386819	0.113923
2.390815	-0.170062
2.396304	-0.086779
2.400092	0.081614
2.404709	-0.202360
2.408706	0.005198
2.412785	0.023109
2.418073	0.076731
2.421340	-0.179025
2.425903	-0.088826
2.429644	-0.012557
2.434246	0.217196
2.438250	-0.134196
2.442379	-0.025949
2.446830	-0.121640
2.451916	-0.202421
2.455910	0.049851
2.460724	0.056742
2.465045	0.070384
2.469062	-0.199150
2.472312	0.241252
2.476870	-0.141095
2.480825	-0.192051
2.485250	0.215352
2.489283	-0.199009
2.493930	0.205732
2.497169	0.009777
2.501519	-0.114176
2.505837	0.198850
2.509101	-0.244885
2.513103	-0.029017
2.517332	0.182405
2.522454	-0.173535
2.526994	0.145704
2.530872	0.188378
2.534529	0.077327
2.538538	-0.125171
2.542364	0.159000
2.546675	-0.198235
2.550681	0.186280
2.555595	0.190221
2.559707	0.133272
2.564228	0.102244
2.568252	-0.070489
2.573324	-0.196498
2.577549	-0.122278
2.582804	0.199393
2.587360	-0.065681
2.591432	0.141182
2.596115	-0.203101
2.600577	0.033101
2.604715	-0.096158
2.608713	0.186151
2.613007	0.089004
2.616271	0.148549
2.621297	-0.032275
2.626834	-0.181299
2.631784	0.106455
2.635870	0.201753
2.640048	0.080863
2.643499	0.014238
2.647494	-0.187127
2.652517	-0.022085
2.657741	-0.217066
2.661755	-0.212748
2.665784	0.072776
2.669104	0.035914
2.673379	0.104298
2.678392	0.227544
2.682665	0.237457
2.686690	-0.243273
2.690872	0.132294
2.694911	0.080697
2.698929	-0.180018
2.703126	0.058418
2.707193	0.139900
2.711259	-0.111925
2.716447	-0.116369
2.720451	-0.147995
2.724880	-0.119511
2.728238	0.126525
2.732514	0.025577
2.737535	0.069551
2.742608	0.192168
2.747739	-0.126878
2.752224	-0.030014
2.756926	0.170830
2.762258	0.014485
2.766516	0.173006
2.771457	0.129556
2.775472	0.186011
2.779323	0.156497
2.784040	0.038699
2.788930	0.137511
2.792991	-0.049806
2.796271	0.154771
2.801345	-0.044098
2.805921	0.037812
2.810676	0.048367
2.815180	-0.198277
2.819305	0.001558
2.824327	0.197952
2.829482	-0.109598
2.835005	0.046794
2.838286	0.103193
2.842836	-0.164237
2.846845	-0.006036
2.851890	0.163470
2.855567	-0.101884
2.859581	0.231444
2.863754	-0.113543
2.868711	-0.235001
2.872965	0.022225
2.877701	-0.115891
2.882253	-0.121681
2.886288	-0.142522
2.890290	-0.176160
2.895635	0.078292
2.900949	-0.177157
2.905955	0.205742
2.910704	0.199188
2.914814	-0.215532
2.918962	-0.183499
2.922980	-0.213535
2.926719	-0.199386
2.931262	0.050254
2.936249	-0.002129
2.940175	0.058364
2.944214	0.172017
2.948225	-0.231992
2.952588	0.115167
2.956857	0.078283
2.960632	0.063111
2.964605	0.205303
2.969883	-0.160277
2.974200	0.227260
2.979371	-0.061654
2.983360	0.147150
2.988889	0.081760
2.992686	-0.111366
2.996976	-0.119603
3.001724	-0.227883
3.005725	-0.202920
3.010762	-0.175865
3.015060	-0.082505
3.018318	-0.166099
3.022372	0.007348
3.026212	-0.153395
3.030437	0.096187
3.035004	-0.237597
3.039027	0.088538
3.042146	0.092061
3.047383	-0.194056
3.051727	0.090510
3.055747	0.132145
3.060536	-0.128218
3.065797	-0.169397
3.070035	-0.010901
3.074032	0.043223
3.078052	0.065411
3.081357	-0.160531
3.085111	-0.226623
3.089392	-0.215447
3.093480	-0.209555
3.098933	0.017230
3.102825	-0.045485
3.107761	-0.148211
3.111986	-0.109133
3.115122	-0.000759
3.119564	-0.057354
3.123827	0.086673
3.128046	0.127896
3.131185	-0.009882
3.136446	-0.124818
3.140460	-0.245523
3.144201	0.103935
3.148243	-0.000297
3.152596	0.145649
3.156871	0.231196
3.160618	0.017646
3.164988	0.224269
3.169066	-0.059921
3.172242	-0.223270
3.177263	-0.223633
3.181642	0.141685
3.185137	-0.180907
3.189156	0.149481
3.193249	0.184343
3.197813	0.104374
3.201153	0.181532
3.205179	0.092654
3.210191	0.138540
3.215248	-0.078472
3.219518	0.060664
3.223525	0.071894
3.227277	-0.013303
3.231351	0.036325
3.235743	0.041119
3.239936	-0.159926
3.243674	0.028910
3.248524	-0.216147
3.253369	-0.012092
3.257314	-0.057798
3.261594	-0.115502
3.265409	-0.203523
3.269621	-0.046041
3.273759	0.162894
3.278841	0.242619
3.283169	0.109385
3.287580	-0.116462
3.292455	-0.206479
3.296870	-0.030902
3.300712	0.123931
3.304558	-0.241420
3.308298	0.220344
3.312574	0.034238
3.316883	0.185146
3.320634	-0.170463
3.324925	-0.109327
3.328238	-0.231462
3.333398	0.225134
3.337780	0.068522
3.341858	0.143103
3.345191	0.007363
3.349454	0.189672
3.353343	-0.057835
3.357589	0.174087
3.361825	-0.091689
3.366340	0.094614
3.370116	-0.044201
3.375379	-0.074109
3.379385	-0.220006
3.383118	-0.222366
3.387408	-0.124511
3.391809	-0.167112
3.395820	-0.195097
3.399838	-0.037964
3.404027	-0.170656
3.407821	0.209931
3.412885	0.205022
3.416155	-0.077300
3.420782	0.041245
3.424938	-0.181999
3.428465	0.169055
3.432224	-0.109914
3.436501	0.105081
3.440290	0.085603
3.444585	0.126127
3.448631	-0.192133
3.452886	-0.004700
3.457898	0.209236
3.462636	-0.137700
3.466673	0.098438
3.470909	-0.002226
3.475309	-0.237413
3.480328	0.091158
3.484097	-0.044432
3.488354	0.164538
3.492684	0.062715
3.496932	-0.124788
3.501126	-0.046048
3.505990	-0.188914
3.511405	-0.229466
3.516695	0.059587
3.520106	-0.225158
3.524730	0.182357
3.528776	0.045326
3.532651	-0.191031
3.537374	-0.008898
3.541759	0.116436
3.546000	-0.131787
3.550069	0.079897
3.553294	-0.072375
3.557352	0.032010
3.561371	-0.122751
3.565440	0.184978
3.569725	0.008712
3.574356	0.199941
3.578648	0.016013
3.583093	-0.193488
3.587128	0.069244
3.591938	-0.010743
3.595226	0.111301
3.600517	0.105855
3.604591	0.126180
3.608133	0.217893
3.613375	-0.014381
3.617161	-0.145707
3.621402	0.226372
3.625198	-0.190833
3.630224	-0.242151
3.635251	-0.229947
3.639229	0.062159
3.644238	0.157115
3.648645	0.016140
3.652871	-0.196503
3.656282	-0.049969
3.661297	0.183093
3.666036	0.192292
3.669358	-0.020821
3.673998	-0.149406
3.677996	0.113857
3.682026	0.174927
3.685756	-0.055020
3.690015	-0.013922
3.694121	0.110164
3.698394	0.203374
3.703384	0.194412
3.708027	0.120597
3.711768	-0.102384
3.716824	0.225570
3.721360	0.059208
3.726099	0.172143
3.731389	-0.024126
3.735183	-0.183785
3.740192	0.027250
3.746068	-0.158401
3.750079	0.096026
3.753123	0.064986
3.758565	0.135559
3.762818	0.066796
3.766560	0.120239
3.771870	-0.063632
3.775115	0.142805
3.779349	0.146131
3.783200	-0.035205
3.788123	0.232780
3.793300	0.212675
3.797803	-0.085877
3.802211	-0.244997
3.806379	0.235657
3.810301	-0.242953
3.814714	-0.112399
3.818456	-0.169654
3.822512	0.161619
3.826703	0.206508
3.832181	-0.165425
3.836319	0.210932
3.841333	-0.011667
3.845352	-0.035558
3.850826	-0.045584
3.856094	-0.199822
3.861206	-0.135994
3.866620	-0.179235
3.871491	0.024034
3.875886	0.107634
3.879264	0.215169
3.883398	0.107247
3.887305	0.132569
3.891525	-0.227744
3.896780	0.051789
3.900831	-0.069815
3.904855	0.131112
3.908113	0.135684
3.913175	-0.143791
3.917953	-0.232834
3.922025	0.092582
3.927316	0.132593
3.932088	0.041085
3.936340	0.144159
3.940092	-0.110570
3.944381	0.037071
3.948147	-0.202011
3.952131	-0.215553
3.956393	-0.235775
3.960479	0.140711
3.965812	0.041775
3.970968	-0.015851
3.974298	0.035765
3.979687	0.031355
3.983709	-0.064256
3.987979	-0.020039
3.991733	0.106620
3.995947	-0.179937
4.000951	-0.159005
4.004937	0.176389
4.010120	-0.191544
4.014396	0.142220
4.019660	0.176274
4.024101	0.221637
4.028244	0.014921
4.032686	0.029130
4.036248	-0.040749
4.040573	0.209036
4.044363	-0.220099
4.048608	-0.223337
4.053054	-0.015239
4.057161	-0.120407
4.061943	0.003108
4.065182	0.031652
4.069252	-0.117730
4.074040	-0.104090
4.079336	-0.176569
4.084089	0.220560
4.087368	-0.017979
4.091116	-0.184303
4.095685	0.219495
4.100758	-0.130150
4.104261	-0.013633
4.110157	-0.017283
4.115219	0.010078
4.120492	0.135063
4.124601	0.111907
4.129946	0.065714
4.134151	0.193923
4.138982	0.212873
4.143174	0.224437
4.148098	-0.020700
4.152977	-0.162966
4.156265	-0.149477
4.160617	-0.060332
4.164924	0.032767
4.168951	-0.064803
4.172306	-0.103509
4.177316	-0.090832
4.181651	0.047232
4.186187	0.245489
4.191012	0.130693
4.195206	0.134215
4.200767	0.085771
4.204519	0.178500
4.209806	-0.158147
4.214339	-0.143194
4.220102	-0.164916
4.225118	-0.204593
4.230443	0.043473
4.234549	0.203077
4.238554	-0.014881
4.242260	-0.071087
4.246264	-0.200165
4.250288	0.025772
4.254298	0.030218
4.259313	-0.096251
4.264310	0.215114
4.268248	-0.242964
4.272251	-0.010133
4.277269	-0.237076
4.281594	0.085793
4.285764	-0.075425
4.289774	0.179062
4.293883	-0.012444
4.298165	0.077176
4.302720	-0.226941
4.307284	-0.215461
4.312295	0.079518
4.318048	-0.152650
4.321116	-0.094260
4.325129	0.006979
4.330410	-0.186241
4.334856	-0.048703
4.339873	0.081033
4.344895	-0.139485
4.348892	0.049503
4.352641	0.170849
4.357195	-0.245672
4.361269	-0.001486
4.366442	-0.200650
4.370714	0.177131
4.374479	0.076923
4.378923	0.150700
4.383145	0.184554
4.387171	-0.215308
4.393216	0.194840
4.399194	0.151931
4.403275	-0.187450
4.407515	-0.024508
4.412915	0.225103
4.416497	-0.129521
4.420764	0.114910
4.425503	0.153371
4.429782	-0.103039
4.434218	0.204408
4.439106	0.058407
4.444627	-0.043619
4.448913	0.127157
4.452610	0.205011
4.456746	-0.175502
4.461529	-0.101712
4.466159	-0.170786
4.470170	-0.179715
4.475016	0.078016
4.480398	-0.168669
4.484422	0.182771
4.488432	-0.203327
4.492432	-0.105220
4.496555	0.236813
4.501719	-0.188740
4.506011	0.177285
4.509329	-0.014287
4.513750	-0.222807
4.517562	-0.204400
4.522106	-0.170436
4.526126	-0.007197
4.530192	-0.210822
4.534508	0.064165
4.538248	-0.110112
4.542565	-0.124309
4.546456	0.093464
4.550888	0.032321
4.554255	-0.115579
4.558509	-0.188245
4.562840	0.024264
4.567594	-0.232352
4.572189	-0.115214
4.576215	0.007901
4.581219	-0.004404
4.586492	0.140926
4.590373	-0.196669
4.594810	0.013840
4.598596	0.164391
