Condition: EO	SR percentage: 0.90	Threshold: 0.000000
0.000000	-0.000000
0.004013	0.000000
0.009023	0.000000
0.014303	-0.000000
0.018050	0.000000
0.023364	-0.000000
0.027639	0.000000
0.031427	0.000000
0.035438	0.000000
0.040537	0.000000
0.044801	-0.000000
0.049015	-0.000000
0.053107	0.000000
0.058092	0.000000
0.063369	-0.000000
0.067615	-0.000000
0.072628	-0.000000
0.077640	0.000000
0.081652	0.000000
0.085684	-0.000000
0.089700	-0.000000
0.093440	-0.000000
0.098093	-0.000000
0.102422	0.000000
0.106432	0.000000
0.111502	-0.000000
0.115520	0.000000
0.119517	0.000000
0.123543	0.000000
0.127742	-0.000000
0.132025	-0.000000
0.136433	-0.000000
0.141452	-0.000000
0.145459	0.000000
0.150197	0.000000
0.154479	-0.000000
0.158820	0.000000
0.163020	-0.000000
0.168036	0.000000
0.172046	0.000000
0.176057	0.000000
0.180411	-0.000000
0.184420	0.000000
0.188434	-0.000000
0.192443	0.000000
0.196216	-0.000000
0.200225	-0.000000
0.204504	0.000000
0.208514	-0.000000
0.213008	-0.000000
0.218081	0.000000
0.222744	0.000000
0.226756	-0.000000
0.230770	-0.000000
0.234540	-0.000000
0.238788	-0.000000
0.243881	-0.000000
0.247163	-0.000000
0.251201	-0.000000
0.255207	0.000000
0.259250	0.000000
0.263532	0.000000
0.267543	-0.000000
0.271873	-0.000000
0.275884	0.000000
0.279894	0.000000
0.283701	0.000000
0.287138	-0.000000
0.291726	0.000000
0.295011	0.000000
0.299295	0.000000
0.304307	0.000000
0.308329	0.000000
0.312392	-0.000000
0.316064	-0.000000
0.320350	-0.000000
0.324356	-0.000000
0.329370	0.000000
0.333112	-0.000000
0.338121	-0.000000
0.342380	-0.000000
0.347005	0.000000
0.351696	0.000000
0.355683	-0.000000
0.360683	-0.000000
0.365436	0.000000
0.370002	-0.000000
0.374035	-0.000000
0.378026	-0.000000
0.382765	0.000000
0.386171	0.000000
0.391747	-0.000000
0.395758	0.000000
0.399580	-0.000000
0.403011	0.000000
0.407310	0.000000
0.411412	0.000000
0.416393	-0.000000
0.420414	0.000000
0.425005	0.000000
0.430749	0.000000
0.434760	0.000000
0.438044	0.000000
0.442056	-0.000000
0.447190	-0.000000
0.451328	0.000000
0.456420	-0.000000
0.460642	0.000000
0.464596	-0.000000
0.468690	0.000000
0.472074	0.000000
0.477257	0.000000
0.481387	-0.000000
0.485726	-0.000000
0.489882	-0.000000
0.494741	-0.000000
0.498866	-0.000000
0.502657	0.000000
0.506759	0.000000
0.510772	0.000000
0.514791	0.000000
0.518085	-0.000000
0.522108	0.000000
0.527109	-0.000000
0.531068	0.000000
0.535408	-0.000000
0.540455	-0.000000
0.545762	-0.000000
0.549531	-0.000000
0.553544	-0.000000
0.557232	-0.000000
0.562265	-0.000000
0.566263	-0.000000
0.570261	-0.000000
0.574272	0.000000
0.578282	0.000000
0.583568	-0.000000
0.587141	0.000000
0.591393	-0.000000
0.595729	-0.000000
0.599535	-0.000000
0.603889	0.000000
0.607068	0.000000
0.611670	-0.000000
0.616409	0.000000
0.621777	-0.000000
0.625797	-0.000000
0.629951	-0.000000
0.634488	0.000000
0.638402	-0.000000
0.643470	-0.000000
0.647768	-0.000000
0.651044	0.000000
0.657157	-0.000000
0.661711	0.000000
0.665627	-0.000000
0.670722	0.000000
0.673972	0.000000
0.678351	0.000000
0.683370	0.000000
0.687641	0.000000
0.692658	-0.000000
0.696993	0.000000
0.702015	0.000000
0.706023	0.000000
0.710094	0.000000
0.715735	0.000000
0.719040	-0.000000
0.723282	0.000000
0.728248	0.000000
0.732313	-0.000000
0.736324	0.000000
0.740603	-0.000000
0.744659	-0.000000
0.747918	-0.000000
0.751940	0.000000
0.756224	0.000000
0.760025	-0.000000
0.764313	-0.000000
0.768527	0.000000
0.772539	-0.000000
0.777163	0.000000
0.781252	-0.000000
0.785480	-0.000000
0.789132	-0.000000
0.794312	0.000000
0.799759	-0.000000
0.804770	-0.000000
0.808589	0.000000
0.812846	0.000000
0.816859	-0.000000
0.820780	-0.000000
0.824535	0.000000
0.828559	0.000000
0.832782	-0.000000
0.836532	0.000000
0.840444	0.000000
0.844213	-0.000000
0.848235	0.000000
0.851948	0.000000
0.856192	0.000000
0.860251	0.000000
0.864021	0.000000
0.868363	0.000000
0.872653	0.000000
0.876656	-0.000000
0.881038	0.000000
0.885176	0.000000
0.890255	0.000000
0.894732	-0.000000
0.898605	0.000000
0.902991	-0.000000
0.908757	-0.000000
0.912767	-0.000000
0.916096	0.000000
0.921154	0.000000
0.925432	-0.000000
0.929449	0.000000
0.933508	-0.000000
0.938556	0.000000
0.942145	0.000000
0.946423	0.000000
0.950451	-0.000000
0.955093	-0.000000
0.959169	-0.000000
0.963456	0.000000
0.967316	-0.000000
0.971336	-0.000000
0.975349	0.000000
0.980097	0.000000
0.985100	-0.000000
0.989138	-0.000000
0.993122	-0.000000
0.998141	0.000000
1.002424	-0.000000
1.007254	0.000000
1.012206	-0.000000
1.016459	0.000000
1.020468	0.000000
1.024543	-0.000000
1.029171	-0.000000
1.034517	-0.000000
1.038528	0.000000
1.043602	0.000000
1.048615	0.000000
1.052899	-0.000000
1.055904	-0.000000
1.059917	0.000000
1.064658	0.000000
1.067936	0.000000
1.072711	-0.000000
1.077726	0.000000
1.081703	0.000000
1.085747	0.000000
1.089757	-0.000000
1.093768	0.000000
1.098782	-0.000000
1.103764	0.000000
1.107808	0.000000
1.111811	-0.000000
1.115793	-0.000000
1.119806	-0.000000
1.124824	-0.000000
1.128828	-0.000000
1.132838	-0.000000
1.136862	0.000000
1.140860	0.000000
1.144882	-0.000000
1.148881	0.000000
1.151927	0.000000
1.156913	-0.000000
1.160913	-0.000000
1.164925	-0.000000
1.168935	0.000000
1.172985	-0.000000
1.176975	0.000000
1.180968	0.000000
1.184986	0.000000
1.189024	-0.000000
1.192999	-0.000000
1.197013	0.000000
1.201020	-0.000000
1.205050	-0.000000
1.209031	-0.000000
1.213029	0.000000
1.217788	-0.000000
1.221012	-0.000000
1.226088	-0.000000
1.230846	0.000000
1.234858	0.000000
1.238121	-0.000000
1.242393	-0.000000
1.247143	-0.000000
1.251409	0.000000
1.255420	-0.000000
1.259168	-0.000000
1.263175	0.000000
1.268476	-0.000000
1.272487	-0.000000
1.277557	-0.000000
1.280968	-0.000000
1.285207	0.000000
1.290368	-0.000000
1.294639	0.000000
1.298699	-0.000000
1.301968	0.000000
1.306989	-0.000000
1.311000	0.000000
1.315987	-0.000000
1.321006	0.000000
1.325851	0.000000
1.329080	0.000000
1.334351	0.000000
1.338922	-0.000000
1.342962	0.000000
1.347701	0.000000
1.350972	0.000000
1.354992	0.000000
1.360036	0.000000
1.364340	-0.000000
1.368656	-0.000000
1.371937	-0.000000
1.376267	-0.000000
1.380638	0.000000
1.385657	0.000000
1.389188	-0.000000
1.394271	0.000000
1.398680	-0.000000
1.402597	0.000000
1.407147	-0.000000
1.411185	-0.000000
1.414994	-0.000000
1.419344	-0.000000
1.423310	-0.000000
1.427598	-0.000000
1.431574	-0.000000
1.435805	-0.000000
1.439089	0.000000
1.443098	-0.000000
1.449116	-0.000000
1.453131	0.000000
1.457139	0.000000
1.461187	0.000000
1.465419	-0.000000
1.469729	-0.000000
1.474020	-0.000000
1.478026	0.000000
1.482208	-0.000000
1.486449	-0.000000
1.491549	-0.000000
1.494928	-0.000000
1.499498	-0.000000
1.504511	-0.000000
1.508524	-0.000000
1.513553	0.000000
1.518108	0.000000
1.522121	-0.000000
1.525988	0.000000
1.531030	-0.000000
1.535294	0.000000
1.539748	0.000000
1.543356	-0.000000
1.547597	-0.000000
1.551231	0.000000
1.555236	0.000000
1.559664	-0.000000
1.563397	0.000000
1.567478	-0.000000
1.572259	-0.000000
1.577503	-0.000000
1.581717	0.000000
1.585723	-0.000000
1.589732	0.000000
1.594730	0.000000
1.599077	0.000000
1.602980	-0.000000
1.607904	-0.000000
1.613088	0.000000
1.617888	-0.000000
1.621108	-0.000000
1.626119	-0.000000
1.630660	-0.000000
1.635101	0.000000
1.639494	-0.000000
1.643755	-0.000000
1.647526	0.000000
1.651778	0.000000
1.655819	0.000000
1.659101	0.000000
1.665027	0.000000
1.670134	-0.000000
1.675160	0.000000
1.678908	-0.000000
1.683223	0.000000
1.687418	0.000000
1.691224	-0.000000
1.696239	-0.000000
1.700263	-0.000000
1.704021	0.000000
